=== MIDI Feature Statistics ===

Number of files analyzed: 22

Basic Statistics:
            tempo  pitch_mean  pitch_std  duration_mean  duration_std   ioi_mean    ioi_std  syncopation_ratio
count   22.000000   22.000000  22.000000      22.000000  2.200000e+01  22.000000  22.000000          22.000000
mean   171.689029   41.382918   6.504957       0.290973  1.895099e-01   1.497052   6.179903           0.655139
std     48.363597   10.965583   2.214918       0.131418  1.685704e-01   1.511983   7.844529           0.174376
min     57.142857   27.527778   2.490104       0.070093  1.937984e-15   0.054506   0.070057           0.166667
25%    170.857143   33.011905   5.370230       0.183899  7.217814e-02   0.339800   0.428126           0.600146
50%    192.000000   39.855392   6.615360       0.278337  1.424293e-01   1.282336   3.380041           0.666667
75%    198.636334   46.543393   8.240314       0.384326  2.320891e-01   1.806752   8.483115           0.711851
max    230.487632   70.611111  10.231691       0.566037  6.966580e-01   5.791463  33.678777           1.000000

Feature Correlations:
                      tempo  pitch_mean  pitch_std  duration_mean  duration_std  ioi_mean   ioi_std  syncopation_ratio
tempo              1.000000    0.363008   0.118991      -0.446288     -0.139484  0.190474  0.263738          -0.084499
pitch_mean         0.363008    1.000000   0.080429      -0.205632     -0.268477 -0.395614 -0.242020          -0.166880
pitch_std          0.118991    0.080429   1.000000      -0.005998      0.186294 -0.042259  0.098757          -0.023548
duration_mean     -0.446288   -0.205632  -0.005998       1.000000      0.764377  0.069998 -0.113788          -0.641592
duration_std      -0.139484   -0.268477   0.186294       0.764377      1.000000  0.272989  0.056487          -0.385825
ioi_mean           0.190474   -0.395614  -0.042259       0.069998      0.272989  1.000000  0.922901           0.097351
ioi_std            0.263738   -0.242020   0.098757      -0.113788      0.056487  0.922901  1.000000           0.140150
syncopation_ratio -0.084499   -0.166880  -0.023548      -0.641592     -0.385825  0.097351  0.140150           1.000000